//Table 1 - Swarm and Evolutionary Computation 54 (2020)
[
   [3/2, 10/3, 99, 3/2],
   [99, 4, 5/3, 2],
   [99, 99, 99, 99]
 ],
[
    [99, 7/3, 5/2, 99],
    [2, 2, 99, 8/6],
    [99, 3, 4/3, 2]
],
[
    [4/3, 99, 2, 99],
    [99, 3/2, 6, 99],
    [99, 99, 99, 99]
]
//Table 1 - Swarm and Evolutionary Computation 54 (2020)
[
   [3,6,2,99],
   [99,2,99,5],
 ],
[
    [4,99,3,99],
    [99,5,2,99]
],
[
    [99,99,4,1],
    [5,99,99,3]
]



-------------
values = [
    [   # Job 1
        [5, 3, 5, 3, 3, 99, 10, 9],
        [10, 99, 5, 8, 3, 9, 9, 6],
        [99, 10, 99, 5, 6, 2, 4, 5],
        [99, 99, 99, 99, 99, 99, 99, 99]
    ],
    [   # Job 2
        [5, 7, 3, 9, 8, 99, 9, 99],
        [99, 8, 5, 2, 6, 7, 10, 9],
        [99, 10, 99, 5, 6, 4, 1, 7],
        [10, 8, 9, 6, 4, 7, 99, 99]
    ],
    [   # Job 3
        [10, 99, 99, 7, 6, 5, 2, 4],
        [99, 10, 6, 4, 8, 9, 10, 99],
        [1, 4, 5, 6, 99, 10, 99, 7], 
        [99, 99, 99, 99, 99, 99, 99, 99]
    ],
    [   # Job 4
        [3, 1, 6, 5, 9, 7, 8, 4],
        [12, 11, 7, 8, 10, 5, 6, 9],
        [4, 6, 2, 10, 3, 9, 5, 7], 
        [99, 99, 99, 99, 99, 99, 99, 99]
    ],
    [   # Job 5
        [3, 6, 7, 8, 9, 99, 10, 99],
        [10, 99, 7, 4, 9, 8, 6, 99],
        [99, 9, 8, 7, 4, 2, 7, 99], 
        [11, 9, 99, 6, 7, 5, 3, 6]
    ],
    [   # Job 6
        [6, 7, 1, 4, 6, 9, 99, 10],
        [11, 99, 9, 9, 9, 7, 6, 4],
        [10, 5, 9, 10, 11, 99, 10, 99], 
        [99, 99, 99, 99, 99, 99, 99, 99]
    ],
    [   # Job 7
        [5, 4, 2, 6, 7, 99, 10, 99],
        [99, 9, 99, 9, 11, 9, 10, 5],
        [99, 8, 9, 3, 8, 6, 99, 10], 
        [99, 99, 99, 99, 99, 99, 99, 99]
    ],
    [   # Job 8
        [2, 8, 5, 9, 99, 4, 99, 10],
        [7, 4, 7, 8, 9, 99, 10, 99],
        [9, 9, 99, 8, 5, 6, 7, 1], 
        [9, 99, 3, 7, 1, 5, 8, 99]
    ]
]

-----------------------------------------------------
values = [
        [   # Layer 0
            [1, 3, 4, 1],
            [3, 8, 2, 1],
            [3, 5, 4, 7]
        ],
        [   # Layer 1
            [4, 1, 1, 4],
            [2, 3, 9, 3],
            [9, 1, 2, 2]
        ],
        [   # Layer 2
            [8, 6, 3, 5],
            [4, 5, 8, 1],
            [99, 99, 99, 99]
        ]
    ]
    -----------------------------------------------------
values = [
        [   # Layer 0
            [1, 4, 5, 8],
            [7, 5, 6, 5],
            [99,99,99,99]
        ],
        [   # Layer 1
            [2, 5, 6, 2],
            [99,99,99,99],
            [99,99,99,99]
        ],
        [   # Layer 2
            [12, 5, 4, 7],
            [5, 6, 3, 5],
            [2, 4, 12, 5]
        ]
    ]

        ---------------------------------------------------------------------
    values = [
    [   # Layer 0
        [70, 999, 40],
        [999, 30, 999],
        [30, 999, 60],
        [20, 40, 999]
    ],
    [   # Layer 1
        [80, 120, 999],
        [999, 999, 40],
        [70, 140, 999],
        [80, 999, 40]
    ],
    [   # Layer 2
        [100, 150, 80],
        [999, 20, 60],
        [20, 999, 40],
        [60, 30, 999]
    ],
    [   # Layer 2
        [999, 90, 50],
        [60, 999, 20],
        [999, 70, 120],
        [90, 60, 30]
    ],
    [   # Layer 2
        [100, 999, 150],
        [999, 70, 140],
        [50, 80, 999],
        [40, 60, 80]
    ]
]

--------------------------------------------------------
values = [
    [   # Job 1
        [1,4,6,9,3,5,2,8,9,5],
        [4,1,1,3,4,8,10,4,11,4],
        [3,2,5,1,5,6,9,5,10,3]
    ],
    [   # Job 2
        [2,10,4,5,9,8,4,15,8,4],
        [4,8,7,1,9,6,1,10,7,1],
        [6,11,2,7,5,3,5,14,9,2]
    ],
    [   # Job 3
        [8,5,8,9,4,3,5,3,8,1],
        [9,3,6,1,2,6,4,1,7,2],
        [7,1,8,5,4,9,1,2,3,4]
    ],
    [   # Job 4
        [5,10,6,4,9,5,1,7,1,6],
        [4,2,3,8,7,4,6,9,8,4],
        [7,3,12,1,6,5,8,3,5,2]
    ],
    [   # Job 5
        [7,10,4,5,6,3,5,15,2,6],
        [5,6,3,9,8,2,8,6,1,7],
        [6,1,4,1,10,4,3,11,13,9]
    ],
    [   # Job 6
        [8,9,10,8,4,2,7,8,3,10],
        [7,3,12,5,4,3,6,9,2,15],
        [4,7,3,6,3,4,1,5,1,11]
    ],
    [   # Job 7
        [1,7,8,3,4,9,4,13,10,7],
        [3,8,1,2,3,6,11,2,13,3],
        [5,4,2,1,2,1,8,14,5,7]
    ],
    [   # Job 8
        [5,7,11,3,2,9,8,5,12,8],
        [8,3,10,7,5,13,4,6,8,4],
        [6,2,13,5,4,3,5,7,9,5]
    ],
    [   # Job 9
        [3,9,1,3,8,1,6,7,5,4],
        [4,6,2,5,7,3,1,9,6,7],
        [8,5,4,8,6,1,2,3,10,12]
    ],
    [   # Job 10
        [4,3,1,6,7,1,2,6,20,6],
        [3,1,8,1,9,4,1,4,17,15],
        [9,2,4,2,3,5,2,4,10,23]
    ]
]